sim_run_ID,frame_ID,sensor_pose,ego_speed,ego_velocity,object_ID,object_class,object_class_name,state,dimensions,center_cam,rotation_cam,velocity_cam,facing_cam,center_distance,min_distance,facing_angle,bounding_box_2D,bounding_box_3D_frontTopLeft,bounding_box_3D_frontTopRight,bounding_box_3D_frontBottomLeft,bounding_box_3D_frontBottomRight,bounding_box_3D_rearTopLeft,bounding_box_3D_rearTopRight,bounding_box_3D_rearBottomLeft,bounding_box_3D_rearBottomRight,occlusion,truncation,truncation_X,truncation_Y,truncation_phi,truncation_theta,truncation_fov,relative_lane_ID,trafficLight_bulb_status,trafficLight_number_of_on_bulbs,trafficLight_azimuth_angle,trafficLight_functioning_status,trafficLight_behaviour,trafficLight_signal_status,trafficLight_facing,intensity,sharpness
608fe0359208790031e895d6,66,"[[0.9999927425014334, 0.0036477300472104847, -0.0010995498918482949, -139.0301156890309], [0.0010978381339184495, 0.00047123574545017053, 0.9999992863438973, -11.541848581169862], [0.00364824559119862, -0.9999932359783115, 0.00046722770830935536, 3.7592214386151155], [0.0, 0.0, 0.0, 1.0]]",9.736007087096844,"[9.735, -0.003, 0.14]",1139,10,Bus,None,"[2.779733, 3.8628173, 13.149999]","[3.4991016, -0.17373269999999996, 16.175787]","[0.2233998667071342, -0.00035018750797816806, -0.025401172326026816]","[-0.0027424418, 0.16252284, -4.870679]","[-6.111878554730843e-06, -0.003899053343185936, 0.9999923986439455]",16.550830194511114,9.979400634765625,12.211861809438416,"[1150.0, 122.0, 1919.0, 832.0]","[1150.8489737379077, 347.1780049602]","[1402.471701351037, 347.0665205564135]","[1150.8775728681076, 696.7357742297029]","[1402.3337774126767, 696.6242502547506]","[1412.4651630207911, 93.87280697718785]","[2008.9960988627681, 93.60870171262394]","[1412.1228128378043, 922.2284518605779]","[2007.7186728647457, 921.9641243583546]",0.0042247561826990205,0.10360884749708964,89.0,0.0,0.09217105206853494,0.0,0.09217105206853493,0,,,,,,,,0.4892858771743647,0.286811208922512
608fe0359208790031e895d6,66,"[[0.9999927425014334, 0.0036477300472104847, -0.0010995498918482949, -139.0301156890309], [0.0010978381339184495, 0.00047123574545017053, 0.9999992863438973, -11.541848581169862], [0.00364824559119862, -0.9999932359783115, 0.00046722770830935536, 3.7592214386151155], [0.0, 0.0, 0.0, 1.0]]",9.736007087096844,"[9.735, -0.003, 0.14]",1140,10,Bus,None,"[2.779733, 3.8628173, 13.149999]","[3.4989645, -0.2784972000000001, 45.19637]","[0.22339986667317857, -0.00035026410855290715, -0.02540117262469654]","[-0.0027424432, 0.1625223, -4.870679]","[-6.113215476806476e-06, -0.0038990533425932376, 0.9999923986439399]",45.33246269991923,38.75791549682617,4.428994671957017,"[1043.0, 426.0, 1175.0, 620.0]","[1043.8469309926033, 451.1140913031055]","[1154.4012185979268, 451.0650941231987]","[1043.8906256944133, 604.7243577128478]","[1154.412755448715, 604.6753528806888]","[1072.4039474348758, 423.5777666827482]","[1220.6073136009916, 423.5120888577396]","[1072.4513821769806, 629.4901112510228]","[1220.5969641629563, 629.4244196755353]",0.37657411150150805,0.0,0.0,0.0,0.0,0.0,0.0,0,,,,,,,,0.43026443942150433,0.4958948865599051
608fe0359208790031e895d6,66,"[[0.9999927425014334, 0.0036477300472104847, -0.0010995498918482949, -139.0301156890309], [0.0010978381339184495, 0.00047123574545017053, 0.9999992863438973, -11.541848581169862], [0.00364824559119862, -0.9999932359783115, 0.00046722770830935536, 3.7592214386151155], [0.0, 0.0, 0.0, 1.0]]",9.736007087096844,"[9.735, -0.003, 0.14]",1141,10,Bus,None,"[2.7797334, 3.8628173, 13.1500025]","[-3.501017, -0.16835270000000002, 15.601412]","[0.19027897064697613, 179.9996745278574, -0.02874848136110241]","[-0.0026919646, 0.19768298, -14.610567]","[5.680529186602192e-06, -0.003320988430554625, -0.9999944854865829]",15.990294526981993,9.338521003723145,167.32777114176548,"[0.0, 130.0, 746.0, 863.0]","[477.9373627837628, 65.57900493275548]","[-156.50774702040485, 65.89698595246392]","[479.0637005282153, 946.6423849199555]","[-154.48037497607356, 946.9605509658118]","[763.8638831602493, 342.9225119630168]","[505.73477996231105, 343.05196679342873]","[764.1571771413195, 701.5323455799082]","[506.17735103106696, 701.6618310587411]",0.015783384695182118,0.1702819956616052,-157.0,0.0,-0.15071818384508098,0.0,0.15071818384508096,0,,,,,,,,0.28684505487325995,0.32413286368847094
608fe0359208790031e895d6,66,"[[0.9999927425014334, 0.0036477300472104847, -0.0010995498918482949, -139.0301156890309], [0.0010978381339184495, 0.00047123574545017053, 0.9999992863438973, -11.541848581169862], [0.00364824559119862, -0.9999932359783115, 0.00046722770830935536, 3.7592214386151155], [0.0, 0.0, 0.0, 1.0]]",9.736007087096844,"[9.735, -0.003, 0.14]",1142,10,Bus,None,"[2.7797334, 3.8628173, 13.1500025]","[-3.501193, -0.28755699999999984, 48.62207]","[0.1902788606469836, 179.9996745279126, -0.02874848136047755]","[-0.0026919656, 0.19768226, -14.610567]","[5.680528223336747e-06, -0.0033209865107032763, -0.9999944854929587]",48.74881262693891,42.14542007446289,175.84793901561767,"[742.0, 434.0, 875.0, 613.0]","[856.5624899794493, 432.3732425241767]","[720.4393316635014, 432.44152380935435]","[856.6889218549019, 621.5089023139765]","[720.6072877812954, 621.5771921241799]","[881.2059391724673, 456.3877861148211]","[777.5160139267414, 456.4398012768446]","[881.2965271695779, 600.4641490445006]","[777.6306977805859, 600.5161691533801]",0.19517132788483166,0.0,0.0,0.0,0.0,0.0,0.0,0,,,,,,,,0.4970467575445351,0.554046362073654
608fe0359208790031e895d6,66,"[[0.9999927425014334, 0.0036477300472104847, -0.0010995498918482949, -139.0301156890309], [0.0010978381339184495, 0.00047123574545017053, 0.9999992863438973, -11.541848581169862], [0.00364824559119862, -0.9999932359783115, 0.00046722770830935536, 3.7592214386151155], [0.0, 0.0, 0.0, 1.0]]",9.736007087096844,"[9.735, -0.003, 0.14]",1143,10,Bus,None,"[2.779733, 3.8628173, 13.149999]","[-0.0011079237, -0.3201645999999998, 57.196594]","[0.22339986667412, -0.00035026197853692563, -0.0254011726163915]","[-0.0027424432, 0.16252242, -4.870679]","[-6.113178301297063e-06, -0.003899053342609719, 0.9999923986439399]",57.19749008303969,50.69047164916992,0.0973195503224707,"[907.0, 451.0, 1010.0, 600.0]","[915.0615171632629, 466.4968917454386]","[1004.8097869466195, 466.457113927469]","[915.127403085835, 591.2012917513148]","[1004.8544789251824, 591.161508890309]","[903.3885309353722, 449.4857810462919]","[1016.4540258605051, 449.4356711566449]","[903.47500190963, 606.5846768164482]","[1016.5068617021044, 606.5345589233502]",0.057579239034939514,0.0,0.0,0.0,0.0,0.0,0.0,0,,,,,,,,0.35130861623335724,0.47082830630694317
