sim_run_ID,frame_ID,sensor_pose,ego_speed,ego_velocity,object_ID,object_class,object_class_name,state,dimensions,center_cam,rotation_cam,velocity_cam,facing_cam,center_distance,min_distance,facing_angle,bounding_box_2D,bounding_box_3D_frontTopLeft,bounding_box_3D_frontTopRight,bounding_box_3D_frontBottomLeft,bounding_box_3D_frontBottomRight,bounding_box_3D_rearTopLeft,bounding_box_3D_rearTopRight,bounding_box_3D_rearBottomLeft,bounding_box_3D_rearBottomRight,occlusion,truncation,truncation_X,truncation_Y,truncation_phi,truncation_theta,truncation_fov,relative_lane_ID,trafficLight_bulb_status,trafficLight_number_of_on_bulbs,trafficLight_azimuth_angle,trafficLight_functioning_status,trafficLight_behaviour,trafficLight_signal_status,trafficLight_facing,intensity,sharpness
607edd7b9208790031e89569,66,"[[-8.726574709113597e-05, -0.004049152799804356, 0.999991798339513, -329.4977156257906], [-0.9999998769549385, 0.0004886881648803463, -8.528766280291428e-05, -81.71192228252818], [-0.0004883388140473068, -0.9999916827381523, -0.0040491949473139026, 3.6039604314550173], [0.0, 0.0, 0.0, 1.0]]",9.46308073515174,"[9.462, -0.002, 0.143]",177,35,Bicycle,MO0MOPaddling,"[0.7627822, 1.1579521, 1.7867881]","[-4.3719153, 1.13202845, 23.638193]","[0.23272210688029918, 0.4163982752073417, -0.024209132760298856]","[0.005310347, 0.57899433, -8.459179]","[0.007267396978564261, -0.004061755838776168, 0.999965342939775]",24.06572874664785,23.193714141845703,11.278145969781988,"[551.0, 588.0, 615.0, 692.0]","[561.6244402919749, 586.1228063212294]","[625.5598990170606, 586.104293562782]","[561.7474635010674, 683.2700433963511]","[625.6707116202034, 683.273498186461]","[529.1549100432703, 590.402307054753]","[598.1060474709245, 590.3833834690325]","[529.2942970785778, 695.1783700954389]","[598.2312331505459, 695.1850001368272]",0.6978764478764479,0.0,0.0,0.0,0.0,0.0,0.0,,,,,,,,,0.4199024321266968,0.44020124028013363
607edd7b9208790031e89569,66,"[[-8.726574709113597e-05, -0.004049152799804356, 0.999991798339513, -329.4977156257906], [-0.9999998769549385, 0.0004886881648803463, -8.528766280291428e-05, -81.71192228252818], [-0.0004883388140473068, -0.9999916827381523, -0.0040491949473139026, 3.6039604314550173], [0.0, 0.0, 0.0, 1.0]]",9.46308073515174,"[9.462, -0.002, 0.143]",178,14,Pedestrian,MO0MOPaddling,"[0.8777973, 1.4431, 0.7498013]","[-4.376404, 0.6337625, 23.6012]","[0.23272210688029918, 0.4163982752073417, -0.024209132760298856]","[0.005310347, 0.57899433, -8.459179]","[0.007267396978564261, -0.004061755838776168, 0.999965342939775]",24.011897224451513,23.6362247467041,11.0589724182782,"[541.0, 532.0, 617.0, 658.0]","[546.7397868850197, 532.3490401124877]","[622.0197752459717, 532.3129229276626]","[546.9002816152313, 656.231244800038]","[622.1619383076766, 656.2281146916373]","[532.9162581905415, 532.3717927170696]","[610.6232221984936, 532.3345155697843]","[533.0854145534524, 660.2520160058649]","[610.772845995569, 660.2498897610815]",0.1413088786994581,0.0,0.0,0.0,0.0,0.0,0.0,,,,,,,,,0.43421994528805674,0.41227780055062224
607edd7b9208790031e89569,66,"[[-8.726574709113597e-05, -0.004049152799804356, 0.999991798339513, -329.4977156257906], [-0.9999998769549385, 0.0004886881648803463, -8.528766280291428e-05, -81.71192228252818], [-0.0004883388140473068, -0.9999916827381523, -0.0040491949473139026, 3.6039604314550173], [0.0, 0.0, 0.0, 1.0]]",9.46308073515174,"[9.462, -0.002, 0.143]",179,14,Pedestrian,Idle1,"[0.57833195, 1.8053341, 0.30726567]","[-3.0379622, 0.731195, 47.66801]","[0.22275671264244143, -5.497462144863344, -0.07168974815932722]","[0.09101169, 0.14291579, -9.445141]","[-0.09580093838480572, -0.0038878282722401955, 0.9953929199044547]",47.770315446067066,47.60814666748047,2.152885509276182,"[816.0, 533.0, 837.0, 609.0]","[816.0750219527093, 532.597950474422]","[841.0123326415633, 532.5847966031733]","[816.1349185776037, 610.3584953236078]","[841.0683448271767, 610.2553166201334]","[816.4241786229646, 532.6034248148582]","[841.5215203337675, 532.5901799365715]","[816.4844071689932, 610.8647594066366]","[841.5778144262713, 610.7603270949395]",0.6804804804804805,0.0,0.0,0.0,0.0,0.0,0.0,,,,,,,,,0.3940070765148164,0.48510990228591044
607edd7b9208790031e89569,66,"[[-8.726574709113597e-05, -0.004049152799804356, 0.999991798339513, -329.4977156257906], [-0.9999998769549385, 0.0004886881648803463, -8.528766280291428e-05, -81.71192228252818], [-0.0004883388140473068, -0.9999916827381523, -0.0040491949473139026, 3.6039604314550173], [0.0, 0.0, 0.0, 1.0]]",9.46308073515174,"[9.462, -0.002, 0.143]",181,14,Pedestrian,Idle1,"[0.56375706, 1.6413898, 0.31612274]","[-1.3121587, 0.91637336, 22.27353]","[0.22154171202952797, -5.972234039144603, -0.07535918187321432]","[0.09024875, 0.14290059, -9.440563]","[-0.10404572051530994, -0.0038666226705238705, 0.9945649990179497]",22.33095697120487,22.140840530395508,3.6582627339229576,"[813.0, 549.0, 864.0, 698.0]","[812.075916603017, 548.7605562530249]","[863.8643515415696, 548.6908604045894]","[812.1932475494882, 699.5807537816081]","[863.9660309530021, 699.1172832762471]","[813.0360453188722, 549.0026445761101]","[865.5572943696206, 548.9313178342875]","[813.1547569037451, 701.9693449214693]","[865.6599083711316, 701.4929702554692]",0.0,0.0,0.0,0.0,0.0,0.0,0.0,0.0,,,,,,,,0.4539131825911047,0.38571223858373405
607edd7b9208790031e89569,66,"[[-8.726574709113597e-05, -0.004049152799804356, 0.999991798339513, -329.4977156257906], [-0.9999998769549385, 0.0004886881648803463, -8.528766280291428e-05, -81.71192228252818], [-0.0004883388140473068, -0.9999916827381523, -0.0040491949473139026, 3.6039604314550173], [0.0, 0.0, 0.0, 1.0]]",9.46308073515174,"[9.462, -0.002, 0.143]",182,14,Pedestrian,Idle1,"[0.5495777, 1.6877046, 0.2967769]","[-1.6556231, 0.9548917, 7.232944]","[0.2269528274893588, -3.6248014558889534, -0.05696210454176739]","[0.09177558, 0.14293398, -9.4497175]","[-0.063222030549964, -0.003961063728128004, 0.9979916256298352]",7.481202103613997,7.278553485870361,11.941395861681137,"[410.0, 572.0, 569.0, 1047.0]","[417.4612155795319, 570.9510262125842]","[572.7037313078288, 570.6921272484886]","[418.19458452369247, 1042.546184674321]","[573.2901278898648, 1040.07398651706]","[400.18161253001733, 572.5960859994475]","[561.9858250477596, 572.3183340211833]","[400.9624239106528, 1063.9434852615423]","[562.6069864146477, 1061.2636204202386]",0.2122204144041715,0.0,0.0,0.0,0.0,0.0,0.0,0.0,,,,,,,,0.36355269972934556,0.2614933354336815
